837944907 3974677306 1600097428 1756948858 1448610872 701834976 1231633114 3925040251
1892106742 3344052419 3791816938 755737527 3655245409 875550962 3302713840 1434138878
2004001315 3585274094 1860865736 3827609579 3799836582 3715100488 3719928711 2931867205
3747135251 414887450 3509611636 2825414507 703381351 411844212 885800886 165818354
955398457 3784597897 2149730073 2655699699 1970314565 2461080177 3178634022 2099413358
1550216022 1415209598 3215989818 129121884 920842859 2255018952 2133432622 3994814254
316384629 1301044044 1741324937 2085766681 2623048047 3224782525 3286963874 3745856246
3524817903 1497465313 69073135 2095125768 4152308675 2375848524 2102846606 180044411
3330302325 1042609799 2547911422 3646238757 1483127273 1753556831 648552308 1479505384
28032914 2367128519 3061093315 1707782811 287449415 72547538 1672239042 525172929
3946914213 466418962 284439819 3672901259 1845205724 1111365738 2832729758 243094559
1120511118 3919349232 2713211108 1405536380 1737658623 1803268324 3139109846 1682591253
3784633392 3712851791 1777554423 505968197 4018790829 4183557884 2506692640 1470761940
1128449441 2657183185 4285788099 1031453635 1545884224 3840947205 1345899885 3222121572
956812287 400459194 2303176766 2788358031 3405097562 2317843633 240101200 460331304
3790710515 2870465962 2445197978 1507808544 1668871879 2007692893 47609375 4283797175
2668159610 1774911603 2688026227 777267796 2776871342 3762691923 3677824059 2894416842
814630706 278033131 875547009 2815423168 1940035904 1955462163 3621668994 2585183166
3329403353 1104095761 503158427 414351361 1936343668 2179939185 2478356998 2071642301
2877968367 3726346886 3513140338 1911903539 3371771615 840319146 2531537390 695058205
3006821323 1434423959 131369788 3396907222 2598001774 3283372053 4112425024 1862169088
197167534 2221900951 4173001300 1015629220 1315381534 2510156201 582451178 1621025220
135066674 2903139937 260512345 4112633553 3995286709 2135495418 905500257 3084936712
694771317 1777929645 4094832009 1964654274 108094955 2966203362 733450969 1703903301
3913461542 2370783478 1002868669 1430550058 160752559 4234129891 972564570 3180685056
1318267190 2048399179 371643444 3706314202 1945694659 2388888482 2280117629 2944363623
1706585795 4022231876 2119946630 1911068050 1581096523 2392648491 1217310334 1808910109
4145711776 2211022515 1179933385 1004101374 1571375741 1559340436 2857157407 2979499014
1652213687 2769819014 322565379 3038851195 1333495658 3864030754 776107640 125221879
1063299211 1007115387 1403436715 1840127178 3894972243 952968075 3034729527 4027925959
3958143569 3665901862 3776672563 1391344333 1070008389 1957518979 704832668 2764486818
2950033694 2668198834 1986657964 2612795765 1451769895 4293118588 3759152037 1289200148
31055568 401348745 2821517694 733505119 455148389 2405154112 2052626779 1075428147
2534891396 1761611493 2538981572 1607021485 3943404892 2685667491 1344466225 493623999
2948637798 3174674915 3625672760 162421107 3290243642 2478780987 166915976 546721468
960191651 1297983566 2465535780 12666166 3900482577 1138238713 2563162707 2863032706
732369191 3671379014 3459390100 4206276368 28139946 3531751333 3145813949 2905299354
3162051324 3903062604 2623053406 248983232 1189573660 3368907213 1758025667 4241369013
1881452308 4205224222 980924150 233252166 1750181267 1123533178 2711790026 1781154815
909021079 3375246443 98603306 426268709 1565842410 1372369171 3877633993 265707498
3417680018 3629938438 2192463309 1090219954 1113320999 1596160149 2402190878 3489736083
3254679751 623245640 744483885 3623662093 2414128105 3340357196 3033453799 2439059223
1700043007 1174185537 2817125635 745343893 580892473 3967874878 214265310 2136050924
2597311038 1939973913 4184032460 1069085806 647492259 3031494941 2792324526 1689277999
3401139178 3042341334 352449889 3774840408 306586297 2143171370 155457070 2154213181
340557887 663571108 4004591572 3864687675 3182993343 2982215127 3652630242 3202201176
3399496137 2455894438 2412410992 561029832 1337304354 422633980 3654462632 3240261062
3221110498 1723898923 2128438961 3208453686 474554294 3852624717 2362601311 2742764935
3020485432 3318483045 2773181903 1549809552 80095138 869386227 1841344374 2768700414
1868048145 1381832499 3481209978 2869091541 349747936 3612336540 1606190834 3349216349
1023627339 4293193659 393462345 756271760 2271978517 2174077701 2271127301 194004311
1797788540 3374033221 2391688091 186117958 4211965777 2441048237 1775805721 2538833368
1108155245 3919645630 4207823049 4286065221 2635011414 3728035170 3614452832 2739781371
1003880964 3722032407 1285001804 2013747817 2239933721 3544557688 3877650347 719657552
3606233771 605277974 1405452563 2519815305 2288661969 527610431 706035056 389185633
965555415 2973530989 2043263012 2926020754 3999774527 3289498756 3553253554 3689691625
2018655518 3694769744 3922958814 1705546007 1647092065 1035396929 3331723561 3010152348
38547927 2685984353 2644276770 929479577 4048807063 1797166214 1155047870 2218128920
1161364323 3434566202 1441804415 2392388006 2611923319 2884428373 4244867430 1787746903
1002737547 3051541765 1408175541 2064488415 4153974146 4004077906 3537722496 1105980285
3293722886 2500508349 3319815220 4174120061 4213444329 4090446325 2870178812 555232927
3786512810 4003779141 2947260853 4071741808 3094198179 3246241569 1473685836 4133532517
2081814061 650019749 3905039000 2511996500 3170940738 210378957 3143180196 1713397339
4091448916 1339355306 3615261430 4219261971 975596745 2100571827 2511938422 3314193119
3485406036 1980203500 2864370037 781243291 2291915273 873193337 3990035915 1089512298
192439603 2940117720 75499924 1917703124 3028850852 3450823593 3377690940 509243302
469496209 1496388720 1664238136 1707614559 1328520496 611475504 743805295 1923665739
1410749984 3435515378 327038084 1462673044 1081005983 3844904842 459287710 654020480
1924490664 1120919635 818677054 3031986064 4051884366 4290082538 1215327183 1310633166
1524923568 344309137 1252805025 2584081240 1088870308 1155674690 1821313567 1049818378
192890922 1355328207 2073312111 1550555158 3627779527 754927416 1935957299 1494631627
3731122274 3450730924 1015890077 2570167430 495512401 3755551994 1976305765 3384176818
2748706761 298929423 2268882007 1328384667 1466267586 3617284071 1845686063 2463180709
480434869 3502689430 2632972057 2511298828 2463770928 1595834333 3543662515 1254753394
3469598152 739385926 1879497002 2737527762 503170538 2950736829 1364265868 3200717735
2196473656 1815856531 2622776429 543310289 1003698873 1475958503 2345802616 1403316576
1717907717 4155492019 2395740132 1251899720 869213057 3864502706 2036709486 288056035
3819151497 571859792 1534918729 245630976 3426995551 2890505489 42924355 2241769005
405209450 1767174704 1554177968 3269804467 171965060 698512081 3487228928 3854901944
1718702646 1064050827 146765607 450981952 258296810 1947296600 2946849377 913467921
774903453 3243992000 222693572 434785057 3389038413 3675667743 1008306278 554803368
3650847401 3570252149 2268396593 497751106 1079426192 1376322060 4161447978 3160085841
4290552854 3776299552 2570862228 4081395558 151249616 579821381 456465115 3630813775
2968289262 7444759 1169090488 3200974014 1879253856 356740597 1029965771 3819238922
2027631553 2557875151 3737919044 3280402460 876707858 1281985497 3278465106 3477876760
1478724827 3564107504 1185485506 1706289654 363740138 3295669209 852878203 459762576
710193609 283122979 2723992501 3803388400 2987967940 4039097078 4249569241 3650566715
4237832193 1339528842 1680557888 2343840172 879766027 2378469437 1499570551 2086974527
1927844481 1271675517 4063821214 2480809857 603520839 2025791858 3778927717 3344306830
2053291812 3753342533 695240946 1138305196 894064404 3538845292 617839377 1886029596
2274784230 2089848587 1142206268 2028491294 1838982328 3614229778 930490162 3565385625
4004376235 3130127853 1020658242 2837105362 3186965602 1590290341 922066205 1481632243
3654252149 3969668799 2737854169 609937896 4060678862 1637813266 330880523 7499099
1078474830 2847728118 3450187851 2456189066 2225055290 81298374 1199054399 92473650
862351112 1805079842 2369525508 3170684558 1026383015 2858693282 423513143 1132178479
647868705 3796832811 1724922936 1060707246 1506259938 3300924328 3359139812 1071692190
3011400472 1297221569 346772430 402481355 1633276078 2348414379 2595151190 3850164206
604629851 861881710 3502970973 2562033391 3275898893 2000409947 3895790790 1389269485
3641651075 933433246 2293377605 1377190162 4284220619 3292431324 3793869072 3114908881
3102564052 2590322539 464970639 4043573820 768236139 2061879413 4251013331 887984935
3248491390 3733201334 2632764797 2086441699 2687740784 23455333 1319121821 435305213
3989769037 2313769677 1571076333 2825512905 618807733 3600398665 4285908463 3928208244
1707075525 728562831 3891169830 1308628807 1628445183 535694038 1038883382 353343432
1459894514 1588286775 3285503503 3980015361 2258076121 3888155517 1333729445 1605966156
726604679 2992784325 3936397220 12405162 1855420498 2390478524 3274009306 1998878428
2463984041 3089347230 1994218174 622846734 3942641728 2878233934 2969977381 674762408
1726048919 1053734769 2555074487 2496363295 1114259251 3677891544 2186201847 533313122
925083049 671797360 1175459328 3180331938 1870124491 3585010834 374225466 551188580
223981143 70034774 2473024353 2703587963 2538083800 2350756112 2022363742 215074051
1772202442 81639232 2786846961 3086654487 408946685 1116853010 4674156 1215707999
2740059547 421092375 3567053006 3219344600 1956269658 3540817822 2482366200 2171621193
3015927082 3152589378 4116408774 2617329789 3117480720 1823371119 57318602 2866949108
4284736603 3313228659 2612850951 490284423 2814291845 1301284776 947691321 3823212128
2045386548 197405170 2494953641 2681870103 247181887 2680665206 931591277 4294656270
3370805470 3353859756 2883107051 2204221159 3994217441 613339382 4190384341 3854454896
679345161 3427805299 942523121 206793703 1321446558 1950512995 2816576355 1909350855
4195436414 1261198324 2733041113 2254417919 2885385479 3666984186 3177317970 483822849
3453165697 1735952637 1127550486 3180072092 3086306050 1946052543 4110957368 786620093
3436788521 221781407 1004995510 2617041271 3941449283 3090728195 2384094320 699562269
204058918 370622702 1513639717 4175289189 1281731623 1287816488 2363385763 3778420268
1670330361 186620675 3985798131 290499055 2859047732 482757229 818206120 83927996
679999427 2116037564 3026021885 1235864124 3580081504 3226834981 666168510 1378058983
2255646321 64004812 631917646 1658470529 2178116700 3074202262 1631564148 75974046
2680026655 2381696935 2422438464 3662276040 937559173 1742184159 301145479 1644399292
3046692265 3945133383 180107078 2054972357 2792998547 2053926143 3236711115 4013653264
2096394618 2546257571 2810643085 2607899823 117014741 3731755006 2305256279 1369653918
247040074 666799237 784211367 3990839539 3695033953 1174341061 3984586144 3624301471
35593389 3875081583 3039026207 3942136599 2805094852 982701809 3204023931 3020951989
3107898183 3685958128 65371916 3957055680 3378589141 1439398953 691326359 2746882958
3933771570 2115968442 3899591906 1702802827 218957137 4121600602 989132433 699895714
47977724 982377788 2592005984 1639322245 1235278404 757482352 196660835 271163334
1365080825 1244178452 2844203596 991977735 487186637 1399210700 847399493 754769008
1855619324 841710996 3143558191 1432463861 3306593862 3227849548 1291792203 3705625536
1743578055 3116968356 673217463 1277520537 1168155062 2807650178 1928749397 2732872431
275429299 2910713246 2926328388 2438461665 981685784 2839644447 3344403517 528730786
4158414674 1937944650 4008873426 2344427805 1665936635 1301137973 1300119295 1739321444
3855851012 770176704 67904260 65423127 3684444214 472778767 2609602345 1404091407
2966807233 1929942559 2722011294 4066064001 2399442942 4149548475 2164522650 1032956259
2974519691 3640287045 3298423780 1059113547 1964232539 910922878 2045499598 807547652
3837323053 2095495510 1953016582 657538485 3422633249 3648709244 4158204460 4131955527
336653329 566069341 3279254555 1329015235 1074255456 1608759706 2125144850 829243303
2925264355 398463313 3763268975 4081229470 4251822444 2124470757 2992857827 1381600751
1317214319 1755155308 3930318722 3942056524 1568938573 3891578685 2828189132 1272526423
1427186452 3030154475 3027639116 2742410390 1507799857 1730970689 15919305 3082773745
2185229728 2602435512 2684303839 1006197086 2100209926 1191205731 1606639113 517586417
2130917261 1432613888 1631805031 589674592 1324463641 1109416527 1928065923 2771848018
4105614555 1433182649 4178198732 1651245780 1860981224 2369503800 584345627 1995238339
3826491519 2654134062 3145714219 1649972299 1965992525 3135298729 2689172115 1720619716
2487709923 1621039986 2590205522 2889887642 1034911449 1091078759 1741819266 1679859775
3196222699 1350975124 1313378017 3390331446 1211181160 3577286729 3757790137 3144480768
1980993411 2672434710 568878565 3068319223 923084121 3937769550 2714583537 1997137874
1748175003 1536876865 2259326952 896530956 1450995952 2806899993 1470404723 3796904707
2207958159 959958344 2509361406 443822523 1028321649 3189687798 1257569068 2859541116
3792761943 538318034 1140595510 1061718352 3997348517 2879230202 437292979 3097461814
1961818611 68711725 788565137 3885267714 3730488342 199274977 2409369618 615267392
2125742241 1053913380 29279032 3346881655 1232685468 1664376191 2909756688 1054718829
3760331804 2171693899 1565939427 3934088327 1380875954 373497041 926965677 1542082773
343561065 1977087073 344922801 2746742978 2241787110 500565851 2229886123 2410899262
21853938 4143267445 4108766271 706776090 3725072472 334709787 2312492558 2537970469
1674451911 2257529545 2315163527 4151320356 2605632129 2937934883 430213548 1029833194
120155660 737511810 2089256733 480030016 3578831086 1202601520 3333423094 3656787782
1327490292 3915760167 890620684 284133537 4771504 2817030266 886064846 1184866834
1334061367 3122394229 3577047563 2482852151 3139552536 3380621074 3785206522 1758353780
2882990806 2886160792 1897752957 751991261 3031568611 3603213 1092637707 4266566223
1439057294 323383080 38734899 3511316259 2123969610 2864521703 1207128714 2818968716
1266871442 4188718376 2680535857 2591061676 2861756704 3229528769 619309937 1563551644
4270525456 2113133320 2920062516 786085254 285718490 1585535283 2543651394 2870202093
2849610531 3409286976 3693390676 1291914531 491189060 3861758403 3568326161 2182982443
337336331 3880873348 4116083834 1667537070 3913668049 3286635520 1510730064 3802235968
2548772660 3918679583 2281099019 134278369 2368134188 1787616674 1607329001 2482185865
1685246553 3389043917 921670222 2537553994 2334294662 3639849344 1763715698 4222266404
3827805461 2614769991 1043558760 3526419676 1742106773 2800867502 4215749628 801331202
2540507850 2229938258 2872892525 1062118216 3378738980 2199659339 1182691460 3229692388
406920277 2928832098 787338462 4152699844 1476336658 1920727846 2212629726 1998516570
1354068909 1961854311 1900562356 2272195671 1797766881 1432250919 884955982 3058810521
1074161260 1397173935 1329281421 651839829 1561018253 1849971199 1112510661 4008915282
1641116734 3057213014 2691083754 4062485381 1495959552 643241344 1926691128 628635986
2898770420 1377849300 2197328502 1239029494 1437389524 2048039778 4204980779 3226626199
2807348191 1334492807 3666534040 1310143632 2887783807 2423583424 4208649230 1100012431
3157316908 2813041041 896442340 4110084957 3398746826 3626454991 1280626571 3802768830
2591504298 2834813694 4193484489 250119826 3748295627 2249849443 2120810996 1365584787
2817316535 3524834964 1894596606 1641434188 3606663350 3462161832 2483375469 686081446
2217373051 201863917 1045702752 3853749835 2229776589 734364407 188822006 2448777146
1399644918 908230970 2539464488 50727273 2677856869 1814877960 864650401 3141926298
2983909289 456156805 3530061650 1561084796 3235883668 404460631 3257240548 2739092898
1847336690 3412953205 2659538664 3805549698 1087489079 1528567654 1422729170 2079574529
2374593719 4259580238 525584287 2920748492 3626973716 739194069 4136714847 3934147340
4243393158 69437009 1671950662 1082367757 2211118279 3153771600 2496543016 49086209
1323831180 3757920765 1812454278 2693702318 258125129 3529123361 2392236828 3680058136
3241295457 385285743 2168721374 3508184358 555075865 2053813064 1615985206 4205161597
975006995 462251295 2177098341 163521172 1471993690 3712713710 697481105 1054466239
1854226181 3842833361 2415927469 2868460314 1368823819 351100626 3458627917 3925013851
2440802731 4291457466 3284541927 2656870553 1073599620 2647654656 2112011117 2368544788
1754945222 1054093674 2645084642 1894094252 114381927 2509107839 743891555 277228543
3702319711 3624618821 2795997031 4105459948 1958375480 421155333 387132763 3177885708
1121979523 1022864865 889052364 4071192703 2827834976 4135965886 3353912247 36948808
1741849088 278238654 1688769731 2814238938 2599108940 1431073715 193933689 1926448525
429113616 1108723846 3901078076 3970405404 3078380521 2230599585 4117808444 2731682794
1057958577 3841588236 3926050720 2578785574 589520251 2316292700 4237748057 1895493816
3237710129 1939518144 2591670231 389971133 2530681882 2694505675 793147827 2564623402
3013914342 2803145527 3994759822 3239270644 212643361 2914467242 4292054751 1360688655
4278527407 3159528830 1690333125 711236271 1702493962 970498331 3353549007 3949965174
2228757579 11069712 1199355725 3619817547 3414454073 4186208790 1257129506 3625522917
773836 294128965 2954648291 639969551 958403419 631193985 2986723914 2561601834
2536186638 2776214255 778149406 3188099310 77459345 500625019 1691293326 3869317823
3787217455 1105998639 2768461494 2879878123 178587102 3288977427 1017672112 2891309228
2503771557 1085354445 383919249 990046311 3983850766 2207067813 3165067695 3643072949
1866475838 2743608682 2001436959 2169461606 3107784498 57642741 3311776452 2648981444
1626882819 1873578581 230939065 2401800344 825021767 2679154370 1595008772 491986894
2301443105 3137608230 4062609474 1184427717 955298614 3539821221 283035308 2955868524
3771328051 1636260846 146967214 3154523825 3306005814 2627936318 3047035104 3571252447
1007367980 2955871786 333981649 2914045192 937221619 612153337 2245472010 3306879680
1976213992 2148892941 824393310 3349969803 895371742 575040982 2509838674 4197283722
2610398301 4045404414 596216582 222052457 757664675 2171685797 2682262509 1916066890
2184080748 3761976370 3392328015 1023074080 882766829 455216535 3952209774 1662718758
2815257450 1463582089 3980525552 1612867571 1416874794 2707998033 194633254 2787058954
2770868004 1335697691 1020409440 2624091036 1610935242 3376804419 840128363 1386445245
595853945 3277377650 31199931 2334721459 3079206973 3204840858 2889601019 170178724
1916835304 1510202397 289282141 3759121022 562941001 3958542071 4107962466 883536337
751121778 1388056840 367751150 705412931 89592945 172491982 2896181378 1320823952
4000960025 2256920322 3297414141 3891088414 1342073912 3430466072 768545434 3697559465
818612500 4134584492 3639246959 273855213 4074246780 2001535063 195732261 766470561
503935329 368150298 1508156231 3364934438 2237942802 4258801211 1471757827 1995013007
3666055731 624977861 2088839003 3040052513 3659214339 1819988819 1224060550 3137932652
4216492695 589903969 1287711217 2109509953 4158405762 1409067426 3552140470 619050032
2596323075 2542185999 1537507715 334815646 544090302 4147120144 2868571296 1481506762
4030483412 124292550 982791104 1559543273 1168603294 3521162973 3439169526 2769834173
2082458257 879984399 3662474755 1195046257 1026890947 3491653288 3692088103 3825878127
3627003245 1658051213 1106469514 496769867 3006866559 1500334217 1970976650 1283506387
977675906 3897718776 1458680552 2808152502 534021773 3483915376 1659755861 4128044548
2107832889 2953162735 2985757702 4062970128 85694521 1560233105 358174783 1475907257
1536278673 2343265834 1660413880 3552291423 3063637553 164009429 505010740 638365174
3225180767 457197140 1899115515 2090559063 2040066640 1637897582 1271576946 3945775265
3292805809 2872677932 860701497 46132816 3741683843 1906737571 2266538981 4211516814
3034475524 441105248 4174856564 1356447378 3999710859 2183697717 2472257941 1324478575
4275502106 1167394197 2404551780 456912846 1858449094 2464085211 1300446022 358116334
394319225 1687690466 3895143462 793369920 2491889870 1644838975 251491690 893252596
2411352530 2409133256 2722938944 3738451888 2534470185 386948807 535385595 2163482361
3582850593 3624194648 2961856768 2883699842 3537938527 2947482206 2037992281 1778577919
2716451165 3273295743 3961361468 3954581310 714519751 1532824942 1971611030 2560399359
3268746600 3645417168 1021664154 1434082450 4010034844 3305601187 352345704 334079761
3706954911 366944957 1490739362 2647262914 2136767051 2176101174 3767862945 3109814915
3233238325 3398763565 35120924 3437987413 2059131707 2692849352 4051735454 1947487965
1621591642 1410385379 2651935066 1770631061 776565046 3169477841 3636322139 3644574175
1864335885 2787238792 3756657013 2155089020 2792543019 3532546605 3262399740 2584955140
1147002074 671891466 1265557626 531977575 889797771 4110384314 1396277599 1346920765
2503925610 2141987958 3767066964 582261293 2694562005 1279857859 1332412324 856594431
227467568 3473087843 2732514271 3752233715 3120397805 3136907483 2950855599 2447414021
2555741019 2736862167 3285053349 1316732446 269200091 431338298 766310081 1278892745
3968087241 3799675110 3592381496 2961251300 1367558695 3978904456 2488390867 53799660
920201196 428174354 1707965502 2223238888 3533752614 3244020790 3182498963 49509632
471271710 964698872 2382603310 2821862335 616464299 6279429 2537250184 187868697
1389092906 424785033 1926798888 2307878743 2711378814 2607804395 4047210266 179823890
620626527 2754737127 2038466577 1284768415 3712612147 1747049153 2810612336 1766151316
4124848260 38190176 1532237931 973150015 3442349060 2583193434 4028723078 1295932806
3684258547 2268476230 1600573757 3425700973 2099108898 3514722484 4249193200 2088497725
2451547571 1022846731 3157182148 1975107879 2125032735 4156448723 2624598243 998722765
2966451388 1557638195 72821127 2382549725 2678760269 2624646241 445896883 3010656973
1525309125 3068682626 1899379358 3672896540 1033507803 2210478128 2254346595 2925885587
3217061754 2209940929 842568795 2544069237 1983501154 2805637459 3907970398 3518689370
3175361598 2343961638 2615594824 1245976189 3042418189 518807960 4213708691 3927502140
2390293417 4288179349 2191287452 2998567095 1560781301 3679525312 2970917453 1319053483
3420246042 4150674925 3444242029 3014222100 3657185577 4069241586 3348574829 599602041
4145893954 3281889951 3966355259 259286513 2335752465 927130902 1097331224 3631640885
1167011913 3949816678 1929270163 324697409 1678134473 1677331444 230875579 2986901555
2627035895 3718475748 3805698760 2237504280 233451020 1248013577 3885945736 123715626
1606451247 949062692 3814385186 1360072297 2416524190 1663211740 709011464 2063708190
821848292 2428319509 723030750 2432123642 2031543252 3725177931 895158446 2330063570
4292286231 391372227 1593554340 3581173985 3405047503 3416520235 855830709 4159922475
2694920294 2191277330 426857391 4249950782 1539887731 1763408306 1037230178 470909697
3276028644 2658558857 3169560125 2899063172 3800138839 1178757259 639220784 2061616779
700380693 3370511892 1866024988 994122667 3174626854 766366740 1745890007 2867947256
973156197 203867925 3751986628 164219133 441692456 1106504957 362892480 3894901334
43925089 2728118820 2277350021 2085100965 1703850109 3292148087 3429615535 766326705
1090336040 4091408921 2792544767 3489154089 168123034 2968171675 1180237371 4114355006
4243207244 2654128096 4202510145 2102122547 2400757675 1554098557 3770427205 2365874064
426475820 3800869869 2575054755 378703827 802321898 1165277149 2712696271 1157286984
869485254 1876938153 2540497753 961192584 611372038 3850982109 889427563 1396470719
3275440515 2604768069 1570540665 3432432443 3754595893 2016317711 3517805330 1270690297
812568712 870038940 1989061035 1662152874 269239698 3013504174 62623517 1585325771
3012016804 3974918985 1567295536 4051793162 1372280440 3921052224 2248904620 2247323552
4140910825 212891886 4223165905 4268098141 3039551129 4249781596 1329197981 1860687292
3893473706 845515814 413283020 3007409732 793945940 1027918687 3826985118 1879209947
1663158533 2831643799 1267359007 1875441401 1468515451 2375287999 1108863927 3357638723
2178193744 3272935022 1735770098 2978596637 3493395243 2103115765 4275547903 422420799
1711996523 2228448730 962178141 2634667038 1260497388 1304768096 2682151461 2493316987
3873845519 3466617036 3256389686 835950842 2859190489 2451819979 2929194207 296263880
83879419 1651543145 370836923 2441180591 998794320 3357560465 3130631171 1016555833
2341996559 269693447 897452426 2754572065 1904271164 1480582970 3026513331 717774764
2713194317 1645654724 2450515615 3486983344 2837569514 1578947103 2484776964 4219662754
2202302358 3985468607 3673057823 2679212259 3125283608 3714118478 1027826826 3741439753
354214363 2460399726 4033474640 1583054151 847746458 1615854679 220060795 636499168
856165453 654852857 1494970641 2504944369 3353208903 2866812717 3092206048 3627076331
3637223029 2756464559 2105951386 321483087 2348916245 3981668886 2985643521 2523121950
805191699 1283075082 1254206564 558168399 1202951438 2425341515 1601005144 3737016858
1165082392 3933966228 84542361 2319416764 2719347731 1198027151 167103652 2860830793
1017261562 769188579 3995563901 701618240 1920065456 1134093667 1788448613 868656686
2268205600 4250643638 629415253 1556689073 1086462534 3655482660 3032368577 1029646074
4159676800 2921471614 1714966450 3704244366 3853145001 1561035854 1968761152 3884043592
2637957967 1418900062 4087506719 692487146 1829238424 4080756420 2401227451 708668212
1057372650 3716304052 257713266 178895774 260700834 545650099 1202173564 1123666703
2521078907 1369510487 2755268577 2091745055 3119488367 3686813941 3787538921 3106534262
803577707 3061125239 908672578 2986978579 931576740 1777011450 2599431225 3683895206
16044846 705512824 1869206619 4004626353 1181606752 2513418922 1389133924 2957042395
716382358 3956902771 790377034 300952836 1081095350 507724506 584666935 2582613541
1801863930 3838313696 2976768884 982005261 2259843987 757473925 1443188496 3853869468
2790146881 4205459033 3367671504 3616611714 3624347513 2756104466 869535660 4170069545
2861889437 4268765195 2970470339 887339435 3977436495 4039516052 126327179 2461277333
332735846 1092747899 119500388 3965669244 4202189644 1658673211 3958400471 3420573150
1436064504 3120025309 1013291340 555034699 3498168542 869282681 2610691939 44387783
1461768820 255823031 3501149420 1899378789 1217868967 75118557 419260001 1817815691
1858679022 2155697262 946201526 1298959210 1844863682 2284693855 3427860933 3954559453
3641837811 2471094622 2688254565 2206393733 3194830565 3738281663 2126652450 2705637606
3881005732 367687734 1179102571 3464781927 3621815039 3943891231 1887506707 3453366510
1446096581 2811262095 4074295037 393867591 2938125530 200364147 2487447575 1578761304
3378484012 1319746091 2883885698 2653408372 53519872 1143519108 1386633012 2808759171
3261476605 1454773309 5510748 2821375489 3462269146 743212049 3418972305 321685496
703592055 1147120796 1373455190 1648254560 1574780936 593798999 287922830 2470407702
2697898402 726046210 3440160804 1918695745 2683796060 736555316 157839141 2272479702
1205206791 172220217 744644017 3526942461 1838539832 1878581996 1016427350 2282388358
2285039542 3669842718 1221641227 2142451038 823001205 1937945460 1476852617 4277312653
15568118 1556456430 3769113794 1331163067 2327828969 399260815 3220009513 2984381156
796875182 1271231113 3987204033 3074585124 1165816303 356745752 1542826167 425246909
266666440 1311161028 1852470484 2936345878 4255115050 1434113070 2238196078 2314605690
2906572865 1508005074 661168493 3842176807 3940656665 3740031998 794832795 2531770983
1752603916 2098969447 3326512725 1571344906 745777051 3242712490 1983304207 2963766827
2714592269 1568891581 677806073 2997106295 2401260831 1961251541 443722502 3207948039
1322786485 142464075 3794152241 368869057 3746098833 199041111 2088411735 481883820
3628053161 3562736471 2463916912 2505082455 2026978755 3689782088 3764834936 757117427
352037166 851103113 3330470772 1186148928 3437323222 2754160921 2453694661 3751512013
3416017663 4138828051 1241543853 800732042 1459830486 2813016339 1494008636 2536962238
4189681493 2478203596 3869838154 144635359 2630996371 341909629 3156364157 737193983
2574398718 281897708 2418780596 1768286434 1349661049 11149693 9439322 3699511881
2978691117 2181896532 3121655044 474827759 2325787610 3516534109 4155621192 3191373283
149376566 2293440648 432545432 1247341654 1444386382 440011086 2918430755 3070188798
2045779327 128203296 433011675 3488585042 3682233877 835942098 697539767 1757348726
2931796865 3413969911 2410206638 10061928 2034362752 1870050629 2429631019 4055549476
523489661 1183681474 2856829860 2994730075 2212125077 70754261 4013707956 1208921369
3322179992 2450546284 3287867205 1651261602 589593316 4052033009 220444482 2598176626
1534389195 140448480 3989991329 2198486724 3725077098 3337810107 2204727538 2991727101
2723972564 2348892498 2361914439 566976204 3942918846 2618973094 3582441434 967617977
3387593987 695628589 3075219980 3188600324 3615980988 3530293317 3516852165 4091735646
2977474642 3919744261 3682019148 557134172 3601835556 3435215584 1127611644 1839716915
2577390536 3951179806 3022967240 2740160456 4152062974 590374625 915843067 3597822430
2310595769 287785616 1528744748 719165637 2691230944 4187216216 1248681931 201243081
4007288367 41749786 170761127 2864143769 4054436640 2653982755 3711465475 2609286597
2696711100 1510328738 1104361752 1000813038 4076206455 4168799227 3890671645 3643834622
2840535639 1657804118 368249491 2699036938 426723086 1260000404 2510289438 1183314513
2064015920 3102351964 2214122961 2239935889 3325585882 3972323352 3815597541 1845501453
1551381030 3559107985 2211957560 3789740285 433228158 1005324295 1828905674 3667123001
3497068684 4113874774 2756845806 106595014 713769978 1322681506 3673944186 1739214251
427078979 802869678 1062485928 609277116 2528511128 3740813201 4109338606 2093240229
1660297992 2294917263 2992232771 3673849769 2499079989 391742950 627817845 2261922994
3013651616 768298683 2527464179 2395890994 2782082715 3914932548 3822118087 177164456
3184583484 3608820840 120373478 2250635718 3234540488 2930410775 3217546651 171784826
3671121553 4205167942 2423801275 2447369557 3183539531 3780854662 3934721137 3490984638
2973246303 1565414437 2508036483 1857908062 629694822 2014613982 4272180290 371232786
1066128260 3499907879 650760239 870666384 629240198 1425876612 3936558093 3765254946
4060402600 2953839659 3259588730 825923315 871626982 2544063935 1476376907 2423842139
2304553616 1901901220 2998243796 588879445 2460975834 4091264253 71623652 4107523676
3976720780 146067760 1639537433 425805706 742326328 469883513 3900705313 2636857032
2833118078 3780176864 2494997178 2437193042 713179913 466999101 1033276491 2027231460
631049796 139593988 1424412980 2565610899 3514741228 2920628031 1103415400 2749869275
4282038675 4107744060 2444268206 724193518 2697630269 3622638232 4094681254 417917168
1538874200 2152795485 2449821412 1159596420 3924008099 3521927926 1881530942 3614542820
2462423946 904096528 3509553875 659920350 2577589232 3142548241 400545017 4122122366
671259194 677339726 3528532260 1154405534 1770226312 3187852843 863492220 2485705623
1395306257 742554873 2227422994 3073813464 1475737375 337159025 3977900070 2587664615
591050763 3655720795 202014205 419211687 1856839410 2401943193 1531488269 2704442730
2417437325 4017016057 1591895437 2741677212 2509711128 3729211276 1744811936 2613446352
1762064279 2102096257 2160628641 3959615973 1892762490 352350308 1358559196 1287006280
2416160340 2648024997 3233450581 4015621930 4070062983 2435612949 422031323 1421455209
2989325760 25606761 290258552 3025963757 3320157995 473762531 1036832086 2435756050
1961664089 1081294367 1615874501 1216506056 4034730011 2339020188 3325749426 3952989642
1211035422 2869162832 2936521831 1985206279 2229476404 42614774 187540843 2214351136
460007564 1960750620 2618488924 1853688876 3203042273 1485633240 2518812305 989973196
3583834510 3526809425 1910695158 1504268029 2511252600 3970407288 722428909 1177822023
2557891900 3168257473 672398885 515304941 502877987 3520010540 1617674439 926778971
1816402718 3399260092 327202743 1728769555 272442496 2691409641 2310894609 3710944992
2342846277 3699111045 2493215430 328727386 1400205863 708930189 3028817098 2748704238
642000325 918472969 862938172 1011296903 1758340518 14344448 416812157 1048097363
2231347413 2743148989 1593055511 2197428521 507620147 380205596 3325641125 1420137867
3720407609 2468181061 684875049 1360717147 3434293985 1087536373 3550859210 3457385205
3826838930 450762447 3697528948 3269282214 1468758264 300249426 3917903831 389670296
3552521792 19514701 3788356326 3936428410 2853425726 2351844976 3125263049 811645396
1099699085 1895148316 3012399248 3518755932 1881551243 3694774168 369442868 1049509423
3522839239 3822569781 1873640223 2588764029 3708390046 1543919669 1316283055 3662996668
3314711086 1694657671 1618124662 80404676 437956142 4142929040 3973572754 838570586
53335205 1945079240 3074747539 2837069643 3670741760 2062304373 778980620 390063888
1023752296 1492322812 1532311047 755127875 1522159092 234807276 1602328760 336677104
1968717670 935034031 3386072075 91626351 533750882 3474244142 2310253942 3589236135
1883893107 1339069140 4219825074 681265953 3803347556 1263010912 518622094 92557320
3071223677 1541411894 2320821176 2634458326 2476585364 3939819063 621825445 3034582918
699511600 3436704975 1899627324 885389458 2708330399 2296627289 38063467 124924750
995414525 91743246 633919437 2045933073 2796917466 746932608 3952162363 2533323292
3507853249 2717316102 1370596641 4125725783 2669640069 4254890161 91597011 574278473
3005835112 3459106265 1470598897 2581579722 2222581197 3523991224 1384671499 2325335371
981636389 2012240685 2654269626 2624103994 2307211989 3368580353 2577724746 1882112942
3929998677 2276675511 1659375517 446050583 4031006862 2317439735 2196114646 2783081318
2643216904 1675768586 1138736244 3028620232 2648646210 1369202924 2174764403 229719134
2703019359 768836616 3084705799 3596176436 847449637 3511610123 3680360008 2422225111
4228193100 802737130 4154558767 474663531 3605188504 2471761422 220177680 1902901853
4165582960 4112835470 2732306447 2383059643 386335919 2424131259 358023739 3397443633
3074580118 982726372 2101907943 1168404515 1393731598 2951095035 3005549504 3738585220
1457520912 4156661964 2026216373 3828798319 3572619693 501322980 246234683 3915176022
2606773569 1404818297 2030737319 4236148936 490932739 1930197782 317827201 288515158
4161927326 1526601964 3730503789 1575818698 3292950596 139088143 869353502 3967680114
956995476 3931232094 633883797 620715918 491379927 2907784105 2012255188 2356315703
3653223055 600029933 955384278 3396411654 1058939821 304558814 4175383436 560192309
1825066640 1944732772 4205862666 2317846502 3776255316 918035265 3103209813 1156083446
3695016999 1901377951 1665240334 3957876980 3584029537 2853086405 575915717 2949389516
2385330415 3031406557 2601917977 85435756 4141299557 4179785 1846933549 4105543353
1424661079 686200693 2514581974 2654272261 478703081 1854377697 1041911102 1573440167
2181987774 68723690 2118706978 2554943242 2589118852 263413302 1849331011 340361600
2340601421 1356134422 475475363 1556102062 2142744310 1706861867 1199862868 2477606495
1511681721 1132840573 1862470102 687251002 1781696263 1357888269 3944120407 3741999829
1891896560 3015876261 449018521 3958701086 3605039149 3829934273 328532330 1367302528
336881023 4282424645 3096703411 1116039234 4232251122 3431403938 3414669726 3722453772
4018315868 2085060479 754560744 735598990 1090178165 988303437 375974736 1474829228
3866092374 159757932 1913772593 2006198630 1992496757 88483854 758762401 2480023087
3512936894 3966370693 2012777073 766669996 1092544238 939967248 853890988 195464017
1820133459 1314411541 3635656872 3784000720 2923352120 4134863626 1426486788 3839848997
2743606678 2828229673 1789864647 2773976509 975710026 2573664056 3784620816 2840480045
3312538992 1527043112 167796272 1417396667 1215344591 3653574426 2485349667 1884898241
2816750543 2700558755 2279887117 2079613703 4289600505 2996113793 2030136205 3172119161
2236544921 3510035873 284176330 2858254462 2784354837 3463729161 322377442 129544838
2866013752 106547952 3184586312 4122259136 125953483 3186441035 3569874980 2846951595
238770210 3172879043 1402670045 2412548900 3727894352 2960088447 318996227 773696310
3849351825 3274600703 4142999468 2321552530 439127454 2271775221 352924118 1410707722
1654014054 328979251 2877983379 2617949473 2705186579 3856148553 1553032222 4184401844
1899696146 4045256000 1621112969 595089056 1765055671 3144145681 16653260 1393238536
3563564973 2670345620 2119842378 3844145436 2822384631 1469830458 1054888291 3104691839
746147885 4218351233 3268089320 3037434705 3612531507 2841815983 2736827226 437424924
1060469101 3747940969 1987946316 2619663534 2776516425 454639184 991736361 709345460
1037430023 792905785 353426601 2113251375 3368069674 991864719 2657328306 580226221
3751133640 3219320426 1361905461 3977763547 4230557869 2663615704 1346994008 3276872952
4168379413 4100663339 2127876867 4150159820 1277643726 2172485538 2852780862 317568183
1752406134 827936593 1048178340 475489274 2171906742 2917580077 2622965459 3945586591
1831006814 1574001747 97559967 4065940282 2830946343 1028338750 3327722541 848625927
3545675213 1667258563 2710361665 1365129304 4278556220 2270894435 3622222820 3971449231
1513347254 1886309501 3215629548 1524596028 2848565401 402947993 2249425575 500602563
3605318210 181735966 360827668 3593092331 3004002254 1122355369 2130376294 2563385038
2371220026 2564630827 534146608 397409606 1332272846 1490268538 3445818764 3775193034
2594320470 1653588945 4248281630 3875264719 225953329 268364243 3142421381 845400563
4196025845 549761278 3510810432 1511444939 1126457264 1556202184 2446756828 3121635706
798477679 2541325632 3347396282 1905238724 1638657478 2238094494 2528152841 2880709401
4062033668 2803347895 4265288728 1420598599 439171698 1889064 1052911059 3308004264
1587246232 673672217 2854339819 106934997 3882741917 4205094160 1280001465 3426675092
1926242356 1595561892 3812268936 2675377406 3681232361 1109814808 3907169416 1252397384
2743790442 1749442522 409269517 2428188567 3547169483 1415931844 2796455770 3641369243
1683007834 816469265 1624254043 2254118544 3392972047 687973337 765839818 3706731129
2490067024 639786424 877063065 1983234741 2216044594 1985793285 3041498836 3012792388
1217979805 3022757557 3788739334 930307374 1416201485 1929830793 635012818 3310807042
3888231094 2908729399 1006017817 2735309554 2827553944 1686801073 374165232 4227563121
1223380855 610482967 3272504555 1874414814 854504533 312894261 1742729818 1690894684
3484007850 1548343999 2270309704 1660540391 3288214530 3547644958 459507151 419225730
2302056575 3835003387 1335497328 4055694095 4209372671 2444197768 3179975701 3334949455
1518440723 895154665 666020269 3589285325 1356255411 1284423770 358905623 2197061239
3735528762 2197331674 3034007979 1103346450 3679179375 1847738163 2441742816 4207677300
1821603195 2641639097 1847505896 1278405690 175870582 2737335279 445053134 3832090409
1286324202 3213326136 350187550 3092934899 383553604 2372363208 394923305 1332516948
3294024266 3264808529 1919272573 2843306674 226566872 3739622565 2161744785 198812087
374962699 2206840571 3458980384 2856499435 3461791173 595156813 776123596 2993355746
3926574365 3429575493 898647104 1150203719 2235454340 1669801728 757354147 3735321775
2579422131 2339250215 3656800088 3569256952 1149944809 4273311752 2872469545 3614179423
1513423895 821814145 2396118424 3873690416 3004419927 3810812699 2241345949 1584926377
2065104669 2137061880 3573949125 78662818 3506866494 814278914 2573646671 4009033404
853232089 2025498453 3696230887 2746359007 1349338522 3922290773 3804054370 3353957273
144221628 4209777446 2327983011 3144622410 550167781 1978995848 12490052 1331855752
4280451281 945465438 3383270627 4281997048 2453058131 1654440602 3373352357 3684365432
3662961483 2587856992 929574653 1471318804 1047307344 1397070219 2316398798 1456064580
2962642809 1120313612 1068730588 1321499756 676205092 2291850104 1202221583 1058988322
692078026 818963852 3503726299 2834031597 2036523045 1666064919 3870959598 1483695021
358907092 2436440185 3618723384 1379991742 3135567088 3590221931 4076789938 598930219
342742398 1037730160 4110128385 2541603588 1090722010 537261288 4240797683 909680356
246065997 3383717343 3320567588 4036429049 661336311 3440024302 1995094601 4153193229
1171804719 2686414463 3003059835 3770256787 2010993676 2766040449 1044127479 1139547756
4049875588 2385867115 2235499914 2334068204 620041538 2495864268 897436247 2749610200
4021454080 3848829862 157078152 4221277263 1857990859 1625032196 1325770636 2591500067
2205725750 3190900199 6975570 1168239600 3991207434 3844075507 3439180160 3488867832
1147590304 2976768377 3387055148 3443875804 3581198628 2070126046 783826906 1320824935
2450755036 1777183673 2975851164 996169478 2888173458 1288716488 1072811448 556873912
4155932765 4104008143 2875175651 1226466893 4264666233 2864130005 3679840907 1910661104
4276051208 2968807562 855112997 694221968 304957128 2849662639 249961045 2497737746
2051956713 593272834 3328667776 949206836 2845458101 932745884 2445340114 836003794
3431237285 2295125551 3920554388 957332028 1740570050 4188161077 820157971 1686868598
1334541926 4032962096 1478820703 3023246102 2404274011 1985718470 2504347428 3207172592
2834237877 348546136 4203757502 170711037 1476286688 1205766640 3249252057 1804604040
1289558250 2051608433 917604150 3976660450 3992651341 294131046 400259506 326553090
1873862625 1345979747 3931715400 3523376162 3076111926 564653342 4095582546 1304737702
3311438340 2880404625 2530490131 3457949128 3158669181 3526471299 3771304570 3331526995
3865483876 3994821268 2417893382 4136425787 953346029 3942229384 1247544349 3185237511
1088673265 2877811812 2458117932 2453307639 3023853657 1787193260 951905399 2687461693
1603729028 3043663794 829456318 4030897776 222444972 3464673536 1926552802 1763191061
2704304852 3801042712 3046568797 3932332034 3568130891 2387174640 951590231 3291210231
1738223332 141940821 4038600392 3624004394 2023581173 3815629966 1449050231 1752759274
824582397 2039335177 2090936833 4251559544 1269372146 181473512 1277638610 1573466243
2335146324 2061346094 2974998375 2090714466 4076253433 1386658721 1593830214 1684128796
1151051835 2653360239 1476318974 2562015127 3380990266 4130218232 2208352140 277646829
744549115 4965138 4219877104 2131977951 3787816411 1883910212 3932659373 3008123190
2575706830 3746877718 72871605 2706384990 2835538086 1954392527 1509867357 3803218902
2824670689 4189517283 2160292018 2977948306 1822070231 3594452192 965340604 550773311
2396135908 1021021052 1843316274 419355983 606272020 3180391338 2502825519 4260686610
1541394520 2440631203 2964693915 3048180336 2573080562 2902446842 2073917614 1986955369
2147754014 2173853695 3375876655 3720380389 3531693378 3052956162 476449403 3186604894
1945945152 3423238342 164707902 3316248763 2335891357 3923844681 71492199 3056557336
2875127434 4144345190 1737309133 1312794148 1586572136 3706553639 2642013016 864323198
4113074357 2859197122 2101388205 1857662844 2698612872 2224309094 3286517260 2718872373
671836316 2382292511 525787387 1115422001 2420016465 536683834 3099954823 200377711
2388323971 4293290730 826882096 2785663684 625631229 1630967959 3212530602 3165475254
3596823213 1727122480 1090867469 3252546447 70252036 292592122 685128798 373452408
558236057 4249061922 1460453722 1355567253 4287260049 1960348474 2014450569 2644650751
1783676560 2575335924 1113652086 2180333077 1188578034 1829168188 2732025070 3056842657
3443476645 1561051272 942381215 1275030763 616465562 3729695797 2420104946 794270829
4257966287 2368850311 1742879565 3829034768 1089553681 1559860020 3219944640 3193210298
1411267072 2758927570 4059724572 1631244725 4188213944 132985694 3158905860 759171070
1084426213 3686084905 2769586082 2539822671 422664067 3715547387 483549530 80407084
2226480608 1425067453 479978647 2556493162 70248957 1448709090 2666826361 1984623887
2466788386 4167999397 1507485064 2162451721 2789854271 533501486 4273108068 2749562556
2676793503 3432559085 3202007565 4157875943 885426427 3800235470 4079691370 3589043655
564346209 3131603191 1948229814 3415302370 2204675933 1546296329 1328728054 2195561019
208443831 1837024512 1275621029 1717201346 1826163449 1106309142 318346640 1705750742
742521814 3858540335 1305526333 3496280155 1571391770 2679257620 120786296 2001489115
380457850 1127156625 3856217984 132677464 2621011838 529747060 2365240012 2598418746
2316991433 2270878750 3287111730 926697379 336110656 1023057172 1213876875 1403072537
2247847899 2041769257 2602611749 2903306362 2108921528 2874802623 1457869 4134630014
1975444683 686270690 318858009 2945434660 3988942838 534504564 610373748 4116533970
1458499600 65120303 1223168822 1801433540 2948911531 3101435218 1444980109 792739973
369337181 1383999401 3340721698 1940987006 3131372475 3381252468 422171999 405608899
2059995123 3853330927 2334144939 3829365910 4057755508 3372059840 2223607246 75770274
2134015814 844890186 4190172597 1765766094 3735278911 1252404923 598878531 2097406578
2403625383 43351248 4233172456 559058221 1601002486 1643016072 3684391082 1279731088
913338015 1949899555 3387065221 793270816 3714681757 2631603938 2405669688 3188081271
298074652 2863220449 2138559246 144072195 3352033929 880725804 3428145744 2428572590
1366610990 3039686070 639435163 4207587912 2832897953 634362334 4194983632 3833589692
611730825 1682193068 769349279 1890706791 3594399005 2903684714 1543592750 3337042828
3697177978 3842562553 2986622513 2789053491 1058513354 2500976647 3842708824 2619152813
3694359944 1032553636 2629450550 3451447024 3549323843 3860135521 2001541409 3355574128
4263855974 1586735640 895295547 1328130197 818226577 501527728 4291569713 858115045
3574739384 1013886958 490104660 4122460670 869583224 19033636 871360561 4098512184
796199615 3505389402 3540750924 1275760812 2900501578 1084401816 564572199 3104698774
3495021316 3149845826 2725865957 1146206147 1369504980 2074642167 1609997619 2608991583
2209251046 3101394990 2567768810 2783580631 4107842573 4132988568 2977718626 3545256691
733070516 151956784 328768269 2769547005 2145859298 3875901068 2621861522 3420845358
1672102699 3480586946 1120971947 883152962 1025475946 2390255021 2261312527 2717779054
2130529414 872493854 2784511065 2092389783 1762518978 1087537082 700273890 2039743288
3052407050 265611172 2967864095 3522065219 3648098824 3657682116 641721419 3040134546
1485677185 2487821582 1900797702 2471397802 3023045394 2845692247 1483945914 1861817025
3294311735 1369279332 2265157828 855719668 1630846100 2516426536 2951810660 3253889634
3030859577 1108536944 3778128720 3687829501 689614802 2374077359 149750934 29870585
253143462 3137813740 3483051598 4029824374 454633936 700355165 3688876898 1280208270
2602067528 1998077105 3732310587 2005713124 1438879116 2237714845 2080870609 358623384
4153605320 3133781666 70746805 28747449 205415326 3372513237 3211196424 615960779
2072613198 2097671113 2868463034 1870753091 1816838301 1529485838 1009384212 3540781571
384727646 1976588114 1171140673 4115194355 2808802952 1432516776 2307731406 3997035311
857950388 3590353590 4192971814 2086865976 579492657 2342073337 496981326 2371248810
1985376372 386544737 3602673956 1865218520 1602163662 2010124588 2960460105 3394129918
3678376833 4053757967 3842097144 2883249548 1227722392 3798522452 100852917 2998984510
3430705184 4220564076 2642046306 2785912705 3841607694 860236322 3679529600 2229219587
4241118488 2074258909 3647622354 3435289164 2084313877 3826354060 339456911 4293618880
212879383 2061660322 881734714 239297372 3279470893 1516729140 3184464206 1702047835
2678015366 244559833 2598896374 3478899414 1450958624 683085269 805033757 3386556359
1318392975 4035004136 3199583291 2083719404 1299569325 3553194991 4070505331 3653845182
1528518191 1333711449 4128482624 3970908579 1948478706 1375505831 946125573 2211451851
1749444302 2908026625 1599615752 255968089 1792104262 2052648358 739356236 529070053
3281033272 1832533429 3119419027 3657205289 1156191254 1171581389 2798353861 3844558367
1632276565 1378725320 98094890 3847392251 645744794 3728092874 3214771918 3413705143
3466760051 3252698996 1173007763 3805896720 1205989248 3004201283 1583871773 2237246643
3317823116 2270297398 3099083896 2727604573 2599837842 3235806652 3695918633 3555377550
1340420920 4239992917 564896089 4049066440 347259543 2702597022 2594376545 3092637720
2452261175 1686922857 2807266553 1226730088 922267478 4131028220 3191071453 3673718310
3312492683 2791351839 2283933538 2573432698 880021995 3681953096 624072527 4188581368
3164278479 3348117849 1615147519 3811423547 1809765270 811664840 2408828914 3153373309
3868144103 3219946080 774134896 3798865042 3672615074 4188105474 3025455245 3543275439
1444042394 3213601197 2426422990 1328297557 2965546308 1840399909 863192787 4053974208
293285810 3384820330 1455863569 3469245444 2604087727 2023161628 217075672 775021453
2815614674 427746171 1060446010 472450789 1422221070 516926403 307018588 1215115737
871405491 545306588 2581158023 3726932494 3960842395 3533684996 3018833783 890391566
3990611684 3835140225 3682709772 985702237 1122448225 1094086890 2804691674 3605757949
139821736 3741795760 3915715566 1340834483 3720940637 3104992119 2388631700 2921510319
3825296573 3241927111 2584859408 2314588738 1474672980 296822008 3727902780 1774237918
153294 894228003 783540148 3873502875 1432856156 1419105451 964222281 1113174021
1682763093 3121593689 1197619819 2870247591 756369909 2419329470 535547581 615493755
3271036235 3466820199 2475288355 1294508228 2586044490 3510875138 1411492089 514429319
2449896864 2783304423 3657257752 3003837101 3554298394 788613285 1356935782 754093609
3480362020 574833843 3629097504 1932831842 596619557 242986293 380485388 1508207995
1435301124 3033649624 231155999 36787973 4056834805 3821299532 1018372086 733311314
1573900164 606183199 2583631845 2108254693 113895557 3204670298 1683063124 3625677801
3330548983 1420551059 382571625 1420918921 2464457215 3569677782 723206138 2219139136
157500738 297698661 461194261 2851181968 3206900217 3009094661 1909181830 1072645471
730283720 1848237355 1773150773 2392519506 3532544796 2348098357 238032078 3484549096
3042807263 4020093196 746258766 2409023728 3477860992 2151777693 2324349153 44724610
3008140258 1933316625 934673822 1632655454 3276130373 1477000367 3558908583 2531503934
2119018852 3108889601 4137847213 3412006177 4197865714 2657458782 2609567803 2187138984
160685458 3449882089 2475625218 4286777165 863198925 1193872369 1052296307 1827911093
1180351100 2135245741 1897323804 2520879901 4227031232 1276847296 1723601720 2376489728
3560844682 1702864335 2808942 667656066 2151188625 1551522006 424077165 3341164405
4057367082 155590513 974384159 544356701 1775884226 848732022 3844708594 2824685286
1882433758 350053251 2571146445 2790519210 1262167547 900358703 1219521361 3288178366
2234045324 429666318 159876033 1899278911 2978317210 1764366963 2170516104 3258500418
2046979404 739133009 210371149 566248548 519221736 141869027 1571941527 2543127139
3088347531 336984320 413303198 556522739 3149310185 3479924583 446396254 2906281790
4210913511 2137986910 2297450473 3535229697 1881698891 2119036421 3674372201 3700394893
2871163557 2565432537 1807648004 3028821445 686166682 3875851856 3294659758 1936530912
3071600435 2156061838 1574150344 574950304 2650173300 3419286020 1537144077 3493189464
2407481066 1573935198 792579440 3286834446 2346981871 3527539410 1333937807 1292841651
4179515393 1725134057 2164759447 1799923656 2588306940 3188609411 2700698111 4276703846
3922497234 3823183282 2706942027 1601338483 96322071 412320123 1670840983 2940754622
3401327766 1963024385 3492402133 910334690 394321785 3646683870 3855902632 1232030854
846281315 3150516558 830592387 3830443498 3979538842 1573529223 1275728740 581628481
315216932 3878586122 4090124377 1376657430 3882620981 3230254098 901555311 3271947242
947432334 2066608093 217581268 3264520683 3868771763 640819273 1952496284 2956202091
3923992935 760173688 1618226277 84278151 2083695509 1841625451 771452814 4253956962
154050027 195970008 1573996269 3746444333 838178331 1808179995 2583419261 196492133
731521660 344840578 4139112731 1378461576 1860271493 1183465244 1129292689 4245201730
2831207364 175687487 2731905902 2176849775 3353475167 3441027769 1082000968 3065556937
2712677309 2123074826 3663483371 2366900968 2947389279 3900455382 358329486 2734801423
1633229440 448140467 1573644884 2087115966 3120221058 661368059 2458052925 3461587708
1668169720 568368236 661147118 2565099439 3784770324 2039251886 3621015330 742387446
1913635430 3583743186 4232586078 597742516 2425824522 2428326146 3714684495 1796714986
4083850580 1336550460 3657446719 408873836 3891608661 886556520 1196629817 1754486757
1607685867 1700550122 201735195 404696345 3982213248 3969783883 3308029066 860059290
1927418757 2239481499 1228642532 551446779 523863359 1637860174 3261059258 3895791517
4089270600 2688549490 733664500 1042283046 776123406 3862307797 3397906471 2624494845
2351678813 404663870 2675211063 873488344 1072179463 3558648475 642223790 3132627240
4028859772 1325038816 2948896617 3481443239 2128341094 1302235860 2041695976 2655024954
1539320215 1953086852 593085102 2308591012 437923018 2680588707 3425552867 2524681796
4200281101 406797857 1565732912 493857837 337718254 2927684846 3223468949 2009949326
2597667502 2864231486 2490562232 2604700694 440066058 417914735 3033401199 2972559222
2999241928 4197819324 3706307948 1597883509 990925409 4172525809 3593888080 3188152827
2006076072 2968932209 2985390667 245169248 1606320667 1105611510 4015134840 3719984248
619539543 3694641851 654892307 2718591172 1433970839 2570722309 1852142527 1662037287
2350273751 3349739199 3899110012 514273792 2451605437 3298251813 3694741454 1136113160
81897127 232222434 2543130618 954483936 617175253 558608275 3804018285 1021310690
1781953400 3535955239 3967028846 1517406630 3640641204 3357567166 1581604656 1647731144
1517720196 648095077 2543451601 757770570 348671831 179549208 1454594360 2678815620
3336721258 2819761412 3804209508 3249149437 2399998152 3882253680 438911784 3449186677
153579942 2144040369 213398097 3896918027 2848451960 2413011170 2403878808 556315758
331349745 1484344173 1304573891 928607723 3524884347 673303884 1737333147 4037830377
1051173624 1498691008 1832514798 2599632255 684056977 3260124513 3419105691 2134475293
2132898199 4120754400 1776220006 1967973734 3567678970 1048132543 54302765 2577312089
2491798437 1310013464 2602253232 71216335 1277873067 2340134141 2395209808 4204172155
1378559388 1203921156 213609558 1155637547 2596527658 1577094394 3505691262 697030132
3998595433 355510706 76218757 2712584088 2304948464 1425894706 3453123238 2669667702
4278804769 468426919 1556432271 2454163772 1508300865 1967985801 139568319 3082181103
1481978713 4258632844 3093763336 2959392697 805939523 3180439033 621525909 1832041536
2236796587 3806561219 2212214052 2932367713 724623815 217183113 1072402826 1087627071
3147662797 1272738121 977119132 861673905 4266152540 2092268779 1001817115 2894146277
2347258671 1344461832 2779384155 4026431746 2560853404 2960222460 1306106060 1265751538
1739850611 40524612 2318377672 4191488654 2257774200 1965723307 3294754179 3933670781
1198220943 883747365 1596030922 4112757457 2611178349 191063274 2604274990 406798901
2075950167 857523663 893134516 1042411725 4277130947 906298784 598669573 1695406051
385723822 2362428690 2010511577 2508811192 2017785920 2839779564 1604470404 3599688507
2212797648 2507999237 2020675699 1649878023 1369967411 1477827225 2015457333 760382396
2492628279 2076484893 3154697398 2786147886 361415746 3738300081 3399064620 1918519891
4007700599 1942063124 860393316 14690074 1557290120 2451640097 4269845474 3952599242
3642661074 1740522055 2115885294 1901053099 1080306303 2398230572 440576563 3547317865
3314374286 673381609 2849797718 3379121692 3001416516 4096112387 3483670143 1812890895
1722673863 4180119027 1513841789 3479360333 1273286983 959462541 42647379 3194011892
1232002791 1103889984 2446748115 2364044024 1654633452 2365088657 1093380779 1311116936
1560613652 881430467 438339702 2528134805 3004805083 30830535 2496653306 2080968515
3995505606 1594735230 1066803712 3115639865 1615877704 1556856236 2001059781 14163829
3190768340 3101476648 2384293787 3147674975 4081833840 2924513892 3293264040 1803787640
1791356167 1865285024 1879269328 1285790446 3401697045 219294480 599785787 2857419368
617770644 3379177236 3792412133 2724830374 1005818544 2642369076 4181530539 1903234217
1930224882 2829515343 3219841819 1564421779 2433844869 2369867422 3153432346 740388641
2127748468 731786404 432799657 3306196798 304813935 364363764 2744159091 1558872614
1619665191 1941296833 1194549641 792007851 1224369434 957189139 826041088 1290759634
3521460212 631533296 2254406647 3696763282 3581794398 3228777421 321880734 4267737702
1727214619 3552830661 4051971238 1165755221 2033485849 4258792806 2590745159 2143948546
877537306 2513258015 1111009719 3119788869 1181255395 1470347658 893878063 2029913682
4254288388 1080128174 2344266998 112783856 1086332918 2400466164 2078089052 3872660902
642099414 1886933296 3038988893 1294387182 3540259339 2545140565 328376450 2506148363
3405035698 1621476411 3078909163 953557272 1569370139 408065434 461119411 2839562621
1063300693 1758251466 1345854462 2192341662 3573866267 1205443225 593993423 2887897229
3943572945 403425550 272719020 1531724415 2153359320 1903191716 2076105638 1212870061
1868015820 983546149 2156830277 1162281651 611084935 797974478 1402741348 1137889658
572005177 1348449250 603559251 4146453362 3093720362 1980428553 3713270315 774278248
1730989821 1581854716 2741274487 2593215928 59952927 1543513113 261331080 11197921
1546953282 1730730778 643002660 3526566438 1354300080 4143144252 1715785805 1135967334
927001292 453803368 2264538745 524890997 1850607074 3943366163 480307878 2070922354
2529926138 1236271859 3822250503 2330013189 1847247695 1863035524 3936661046 1522547758
2983134935 1806014745 3633738618 1190978534 1075373243 1343934039 3276822553 2075656337
2657499309 4276065768 1363273852 2262042393 840275086 634469965 2010290353 2518959983
1726359217 2152627572 3040080101 2833603261 1622951721 3519885931 3970006930 2494391256
743443018 1177985631 1427202262 2667234957 3193590740 193429426 785885088 466498613
469281421 68496096 279999575 1897670761 908832872 3924569290 1114125336 3512535030
36928031 3011167581 363072320 3946831253 2190615515 4200133620 756399163 2566282785
469565237 1302531984 312990852 1005907183 1644319706 2516875394 3463605053 4006772080
743724058 2209984050 3528525771 2983731594 234074610 1965679658 3969579276 1382438027
3305611475 4262256888 846621305 2304848339 2846078084 3676661268 3994814518 4138829053
1668963202 1543289954 176435191 14799508 4098808231 2939380470 3672021814 3750744466
1672228130 3109315492 36128220 875013621 1886641518 1227634232 1442758870 2395348887
1118220500 4207264042 845820099 3334327716 4158124389 834007984 3890757332 2757922634
2726040645 1830891705 4148281009 1076178186 2318828288 449222306 2263857971 2069785601
4270945781 1453841848 2174752408 1061409951 2379109599 337928324 3560074919 3824452650
2151062857 538501808 1970980029 1701753282 3726102940 3755089706 2780494644 2889942405
2034498810 3534361894 4091003895 1402521621 3063087192 1214855693 3824778213 886282804
985717838 107253951 951996296 3885004918 4224601809 4199884110 204250642 4085780744
3327057374 2405466828 4129645349 1295010802 1317014404 2889470650 3154947751 3324475689
455962394 448147861 3574070299 3532732215 3056156714 313668332 2227790871 4099592354
3274848800 2492303696 2413181786 2644347065 3230354586 1567681991 663944164 2526736843
3371033957 1422852668 389353393 3557510932 1630493197 3263021555 241200959 512367342
349637809 3102754988 2931700685 3349692200 3896127605 3999363138 3418419054 1028748017
3949157718 847560642 3328354354 2686746002 2236301129 3055607358 2869034474 2932961656
2027675750 614393990 3068139934 2032766143 1673653669 1656421004 2074810801 2206414979
2327244817 188031482 2252389874 1431469846 507761309 1788190346 136384243 3305776231
1151173430 3175142085 4283507976 3778956590 1220475417 1327845631 1295561612 1179155729
3884311053 2386365449 3814142297 1391042934 4073776375 2737065538 1731448639 4190506310
1140967651 2288912087 3701248766 417763188 3233091470 1751599034 3543067095 435891951
2263582422 2302443073 3081984678 4170084973 2257234265 3167885217 3199162524 447330522
2297311989 1616300556 1029022599 47971723 3421563394 2090759516 2226258420 4137248311
1085290367 644086541 357705554 2430792395 1066815343 3721051463 581799455 2425799665
65068717 3166833465 2870232144 2753625533 78298662 2490925235 1356477006 943717732
2633020933 1235300249 338895728 3230077852 4054122046 1617335462 2806230174 2429755333
883612957 2770065638 2968789483 2121014176 1388117350 4075293525 4158563335 3859610705
931782014 599402593 2746723589 770762147 3478624484 1713457415 1443580692 3760201183
4070454168 3441864000 3441396936 2529289890 2517762617 1666101144 600850850 2170962152
2172838478 478228043 4248838658 3251487462 1038152026 25461975 3490155648 1859233432
56277829 4232451562 2989928974 549071124 1690897657 2403778543 3839162500 4066306849
984276771 962650717 992175306 265102930 4003815774 1399213516 2502552014 576881331
602282488 4274770404 828843392 401130275 4060589771 411920230 194514411 1189737057
1438918872 1817780758 453275503 243964959 3939418673 3278163460 807431018 820637651
3242251313 4186739428 3507955675 2924752765 3058455083 3898544375 318228023 193485328
2063426850 1078444085 1013633467 3210025581 2701068999 1255806054 719335537 1260263255
2561509526 2747018720 809720085 1295495131 1288611258 3687568334 2815685739 3423555826
4238756928 2885031290 2228084637 3717911059 2016870004 125234693 521394381 4220016685
57640623 577683994 2266559288 526826581 2797372250 3084021522 3980831877 1646986282
1172399141 101935486 949776243 2867068369 2838037303 625176789 799266995 2338963696
3101591881 2567851036 1574960874 869543644 1218221848 1976401536 3751836508 2504086105
68220388 3187409993 3303546103 3030607944 3551345123 3483737715 3536330596 4125036393
263845795 2475479437 661366290 4279874590 274097146 200025340 2386706336 2953477134
86923269 4288122723 3534487598 2932447485 3323346116 3101242597 1651657476 914415128
1219455154 1955606513 976613975 1552349050 1884801005 3539401957 3370672101 2102456201
2808386961 2115437753 596763243 590377953 1255137279 1435986097 3156908273 979357311
2912632020 1749184537 2665222364 2204567229 1445273864 2754695120 456794771 1820461937
3436852786 2798855453 1289782744 3878002351 2697909108 1637516297 3055433103 444466475
364379955 1771257869 4164737818 2316191474 2887254158 2082076996 3634721123 1526334774
3157223600 611532448 23805057 3434055713 391806064 2082890820 2983949628 4191439322
4124114578 3057297147 1419271524 3396873307 4063899572 2894154545 1280229258 1766995260
778193251 2537896078 2997478957 612864174 1340427485 3238817996 591727303 1216989207
4282765124 3895256156 4181058153 1715119975 2383047148 2542325087 3453832518 3721775773
2346920866 3983307860 3814348037 1099552113 531038850 2468849033 4043829089 3378151299
3699848385 285052706 3282371676 820792387 2874452663 4145295343 382162224 1535841593
720224637 685071607 1855059140 3083477858 336947259 3459629938 2931881721 786372459
2777099570 2236230397 471323868 2427193324 911489887 305466203 4021204677 895238994
1125548743 2524721208 1833856774 1286103380 2967238222 4141516353 2940159466 2053348100
2353212908 3475486620 3933321792 3808714291 1304288716 2733485208 1691757629 1011989544
2783297621 1811312784 1566662481 3850916825 3901511842 631358879 417722011 985329804
2723943736 2812350991 2036720207 479232610 2863889935 4231319848 2492044829 1199427316
2570356985 3827757423 2595551479 2038207822 899837132 2557794707 1171362682 1464557137
425574381 3394435095 3274452470 1095575790 4147526433 2845097488 1971493936 4083629438
3280692112 1728962622 249489623 3396494289 1050071070 3702562186 3795914097 1798051308
629768736 1925355736 2554170735 3822519523 3291055362 4158116919 1446983228 751975963
784618792 4058504934 1610015577 3592611749 4176550800 1628959230 1200559004 3045241327
2502629245 1851813939 2785174608 2453326209 2367614435 465047136 3735477034 2690571355
3475580337 27044668 1947191679 1369261794 2665350315 1611874567 4173814823 914060069
111661328 4290768397 810589715 1848776174 1663545438 3888285261 3956812394 3973048840
90949959 2921749106 1845744040 4009502518 329456421 234964876 1255627371 2175510855
269577328 489431255 634783380 3731974752 3721593436 857887489 698010900 3965479005
4293196327 2603188217 60453626 2174208592 3620475461 3797526519 3975288204 2512900377
1385529165 1819604508 1774617060 2497737986 3173186455 1476277998 3067648354 1883100838
1990408452 1034789944 1986254227 1866450864 2733275675 3877604153 2763593720 1085258612
2006147030 2652962061 4203629518 720832087 2993550139 3508075659 4034806560 1418036485
797226456 2751355865 2382386241 3489520922 1243551452 3983769893 1469635889 2085424990
88176843 2944122782 3698346605 3668205473 1091284168 4231125134 1901555914 1617753347
4061614741 1083613002 1203532592 3517666109 2015751954 1183995546 323573316 1981691400
720523718 2306106768 807620499 2065940460 1834761523 2545265293 111955404 2917359979
3604173728 3437084540 1126122474 1246797450 2590256538 3250381392 498097692 698974027
3757285076 2999802597 2062623108 1835563937 2942143295 2453950708 3320028912 1389777851
3057992045 491285101 1911765682 3040675327 118785769 14015158 2555639758 1838665600
654613810 1904707499 3778432306 3196535711 2684891741 2503968917 744904154 476191759
3984725199 1328876995 1257200090 3706168952 3933891367 189142796 1423117891 968997754
4203105734 616036786 2879143759 2544185913 3313368771 1031965769 4130348646 1648243146
2370521135 3827962871 4227880495 3242035279 1166935321 196777872 693587098 19273768
2099317716 722384942 425628211 132446042 2097622341 346085256 1775274115 3487104509
2035776546 1533587392 3313672831 3365435108 218036753 586976225 3124398386 2470776147
1168038516 2458478375 3316472635 2205629120 1268747499 2882979322 2199040549 1823264887
2755142810 2283537143 3298395185 84551789 2347939216 2622024742 2623660171 1332091204
236923820 3575168492 3523065331 55654980 1745360013 78859114 1373575777 701589596
2848347293 2193462462 1978196647 861529885 2689927832 379495979 3635954700 2758614640
3970779855 2878652757 2061709959 1472711746 1724414436 298961795 2428099252 3102165940
2556581444 2234549045 2317091876 3272270833 2595683266 2715789327 3209272115 274176053
1256081486 4288250495 3834785236 2937348367 2262522134 4122905504 1600778548 2524156941
3566197597 2212995022 374714462 1485415466 3610579450 3521429602 2221831564 79543373
2478778903 2391889760 3082547362 2929259854 154429598 2940872669 4243005496 2195028288
3430983125 464562622 1243454344 4010368587 172183155 245852191 3136309819 96336363
1131531143 1067507064 3563943012 1455215137 130127182 514506255 868949417 3272399970
4254185124 4180068237 1067619525 4261734407 3154619290 2012730124 3760295046 1789039011
643990767 2934445946 2748380532 265495205 1997602747 2455034043 1455278182 2134920236
260659695 4169845069 2140868412 2723183274 4200482111 3960704737 397736849 1694888841
3242848864 3361132656 2420008361 2538640801 3790064550 240743675 685680820 3657032424
3262281191 657020663 804297600 3430983112 832277600 1391835727 1942926720 2829150665
2376425425 2219318051 3857595331 4074083095 425424258 1134649602 3225078663 3988613357
3447284503 99547307 2714797377 627213298 322840847 1944374780 2539961716 186342660
41844016 2201762962 1035267566 4243463356 4286981162 3564613956 1475849285 4232364678
1149695436 2135999498 3061608342 2518143466 2558886980 2724289590 2471156239 3034287216
4066697415 282860474 649369233 701460442 4237149690 960754015 3046764659 3978131629
1000083328 2232909264 1383026092 1926804707 438605891 440349443 561149502 843176452
2443526766 3157175638 4276696424 3228562339 3612621672 707665691 3084537075 1276522197
2394923288 2512732182 1534657369 2301704169 1134849389 2718761781 1157033396 4213883364
2787533348 4143589585 577964221 2371180293 602418584 3561558625 4168808062 1071430922
2121314786 3764492661 2205712258 228729233 2535014737 255558750 3203559127 866989963
3418998480 1007211353 2406988183 1065546282 3012234789 2762606928 1613232751 1606380816
3995663821 3880150074 1707308099 2064176369 250330878 1638306303 4040161018 569937786
2483841445 3569123023 1499367522 1373109049 2302597999 2454586950 461752297 3572678425
2661068725 809591442 1092367630 122422619 2288312483 1257473865 3428363782 229881945
1394637635 648630127 2427323948 561265038 1772123360 3618258677 936450708 3657826020
2517480283 948060441 3671314952 4183735941 2391719276 3709918608 635637259 2163937476
3334707321 2469663590 1554805886 3450491022 2388589659 106894488 1581011432 832433380
1706119300 4227880192 2057442102 850372166 2215308359 3327435313 1321150140 2020745133
832269429 2661692649 221313439 2400616721 84220625 1732668481 273741808 1453123679
1349720794 1855104272 3169414513 4270063503 3205510222 1055359601 1546042151 2123739959
1815617316 915179648 3526420840 2481834963 3665694382 94440835 4237351159 4092343965
1052036782 478014587 2254744606 4205988042 2287867976 3452368820 2741495398 2111340825
525225809 4007104985 2375689987 2368381063 1194730434 738836545 2049020485 1223756657
3783266239 3776015511 812708832 588470677 1770029403 3644796267 3422047379 597647935
3760529003 2975533730 1117152317 2290098231 664576258 3653016451 70592589 910575983
2709276497 3060846161 666400946 1092464547 2232644186 2471574752 2640257699 2349914025
2661446430 3311344358 834805358 532632667 1441599313 4057424910 3221397573 3784840878
3943885823 2863240124 3978201101 1356565670 1936824563 1448204747 3012244960 620724572
4157642023 3228767882 2495062764 2366982781 2387058513 3548924231 2172136911 3337834988
698398810 4283854745 3267496899 159241059 4008972005 60137233 1932220405 3620734471
1847421350 3969999430 4011704509 3489453270 3010469943 164070801 809706401 423693785
1132548284 2001332101 2219031539 3539280368 4175331391 2710064603 3928562011 2731447707
1309986738 1277894533 1273238519 273737304 1181753152 4137452506 4013953385 905524475
534748748 2770900701 309376181 3386552808 850221589 820556394 2663016506 1261109036
2489471296 117402786 2818095960 3817245620 704116599 2126969156 2632060363 1508042723
870284353 1050128590 2517941914 1541159398 1245907032 9160417 3420908023 2806102366
119825210 3849475270 351062133 142305523 2798285082 2135118618 3073780607 3754737256
1794155291 3324786902 3774370519 697491030 2496951932 4251043293 2753707626 1155771235
2064939406 413988207 1444585084 2877103401 3285935969 3618017361 1616235235 523571370
3933583609 2635415477 2875559801 311634749 1205987511 3494891989 214990533 4129822452
1058953917 1547225030 3382620870 2915620732 3271328857 3871069724 4239793988 2389673693
2716595128 2218273419 434187662 4184321821 801536444 1832672445 1036301648 1296045671
3861346029 1617646695 1270827120 1308810282 2240347917 10852326 1066900741 472769344
146702543 3281889365 3352879761 2880473056 3059353259 3235756047 3860486820 734731725
1019805942 3805238188 2965835517 2737311465 996598730 2965182836 1070173216 1720738020
2011583009 2081210725 3952961562 3675899147 4164576225 3976126625 558544784 3995180845
3762492168 1086459398 3716918524 3103076351 856030508 1580500967 1130107081 4198108921
2559424505 911101221 3057634730 3798523402 3250389803 1558687053 3210831859 3573851080
3084631137 4271593111 3208279593 3737101363 3175931982 1307053194 266036945 2143231229
4114618551 416568661 4181090405 3178899877 2464536900 3167340953 3833191325 1348634183
1049836611 2246903126 1040513 1178788336 3702092257 2242827548 566405871 3030490797
949339415 182024294 22197052 1309984585 3076561766 3311685127 3254551876 3525144831
4149217717 4064739194 223470810 2511761676 2074443884 565581535 1107113905 2446976984
3385178111 3514554496 2750079057 4057125841 3947058511 3833881176 1637441264 2415150088
1921261184 3972674694 2888041549 2656749229 543746069 718496284 2198907211 2132498713
2059593232 1378408154 1417220946 4008976285 3011829605 3994339714 2048370448 621770233
996062814 874821282 3400909005 1748135920 3079938808 1677413729 3250972673 3578096754
1805409874 3599670696 2619798154 2086231377 4177258452 3678877816 3677768787 1246367465
2514335556 4073587333 1960474361 310753442 2895534788 3018380285 2438958444 4225681920
1805992088 2986981244 2384857503 1899291899 1561656582 3950870217 2690235823 2109688446
3560306898 3997806821 178169496 3417938719 4029348639 359666448 2440783547 237835394
2012055260 2124012451 763331263 3083052 1843652243 12848485 2944880275 113699493
3108296116 3927016961 458100606 2137223712 3626687706 1823355866 675453480 3304109294
1576611842 284233098 622086882 2153110560 656883358 906296210 3611237812 551494330
4125235791 1469027388 602279762 268338360 1830546083 2691162798 3971029606 4010031724
2564692771 2194329814 3022587651 3534093343 3763576429 1223966167 2044911604 676853992
3146575648 3186602147 2473404582 913259259 610910723 4252793355 3367640840 3313872621
1139888172 2939950615 1487087159 1709876466 1922667891 835599184 3447200382 2484747780
1418090581 2132217972 3342451355 4186399058 576290106 1942206896 158088360 1101504636
1997443907 2456814407 696319384 1939913254 4014028342 1288949345 1362377779 64487561
3951720721 4105188713 2706571920 1873469444 2454534559 4084607288 3940283107 2531968427
230341502 2620029489 1144949731 4029133570 3520453996 1020480376 3633825182 4292944769
1417688555 2169603452 1781653128 1951684793 2703730523 502621555 3095932624 1154690425
2360316872 1135078530 1593478215 1183425826 3994982817 3911033470 889111733 1610908112
1260475910 314023752 3793905292 2235424547 2507921890 870702409 3574648392 2171166397
3043213438 188890252 3801517135 118714013 2424019976 655647218 3034953053 2301052963
3432532788 1531723580 1101296237 3051752753 3890998937 3204811645 2627990890 3152217574
2325613686 80149538 1213639574 2726279382 3116802869 3358128790 4262845517 3856285018
1722816292 1332956626 3878374 3136029763 408738798 758708205 1721518926 3300503215
2324667249 612631237 204899867 3871373813 3148481945 2162505532 1669390590 1441024649
1694056652 91491685 2613972622 1110580519 3548387481 3967600090 3628606813 601137004
520101321 1413747806 266010522 336371500 1185465332 708185470 1765624233 2374929096
2728412726 3956513168 961684272 796353979 3156089944 4033746560 3130914886 2305208973
1244185027 3190340583 3633247937 180332940 1270329031 3141630863 89903110 4218189640
3852210240 1957168337 1200689460 2557418790 2455345193 571939084 4000637519 2076646385
3353696224 1775643973 3217597404 3413116074 218433165 3082808914 650219092 4263005368
352045950 3856337818 1985692714 2794571369 2251472917 4024058322 2644396519 404773162
1146730134 3240826707 3466482248 1820605015 3426905739 519871246 3437692758 1587039410
2903016912 4076286275 1011895558 1618992377 2999663104 1634748334 1673264598 3056535017
1527875271 3129058473 2383205551 2428229806 413570376 164972950 3845888436 2124065289
2309791963 1685867587 703654933 73711623 2223186981 4204848032 3713601707 2652110231
2630863536 715808620 3407907898 1478706422 2630498062 4089862501 3068199685 3207944208
2280082795 486422855 2451080444 2666684596 315715836 199535927 2102187112 3853483592
528094797 3326350978 1903047152 3090951634 4032464788 515783972 2728134543 986321664
1395703716 2550179726 2792771550 1828556032 536345642 3224289782 380060249 3989387551
2131596047 2490652432 2469534585 144559657 944079992 1085913247 619445583 1071804077
1212262165 2045394550 2799023113 520901029 1124333941 2994735427 4136627613 2163616224
2395112544 2954543753 300212326 3255064157 4115147987 400186186 1930664410 1648521068
822073834 1465746771 1335018778 2099976580 341945067 2400271983 1499905188 3982292215
3119800714 3682953772 3655041298 3838918680 4092325894 2746662317 3518636291 3261084783
3801603541 658710610 24112062 4194142320 561533035 412516892 1867471257 4195031893
2325653091 2911264504 4124993466 1935991490 229755367 472626745 1064701825 1317885025
1847396269 716524255 4233193142 3181747659 4217604228 1004348399 1801470452 1904525952
1944694742 3962182173 917264821 2964717788 2725148912 254241891 2480394102 993438969
3640864307 3397156050 3331989378 3125890903 4011124032 1138991295 3688943451 4171029275
3461954244 3275634765 3970909091 2127581274 3946680709 2850669113 3899348177 942449600
2842186779 993895874 1901467289 4269362649 879824523 1351390166 2041351997 95311862
2106341846 1146081851 4192501910 1013848770 536471512 1517067367 1408312314 846376533
2466115009 1022820037 85673551 677512787 3853912805 4065975681 1273617682 573183559
1091608607 1110550352 1532128823 29282510 1933323947 1454330214 821043791 2423667918
1077035344 2122164121 222532530 2188047723 1298538132 1864229497 2890297510 3606057373
925855856 2722762655 565204178 3594225208 781520129 752786641 1976760845 3159477345
2233866216 1396093366 3805570516 3003261813 2091591857 1206482468 2519258622 3074283458
3776885218 3825198719 3075534512 2942957665 3120473754 914190080 547966450 2850781647
17242321 2394345465 42279481 3592995227 3834896289 453131217 1757614443 439570825
1076158785 666145065 3512639163 2450927476 1256916188 3214664292 3942880496 3176218668
174714327 22923809 1990219663 1533838276 3324711599 3169777414 3216299883 2528174825
3608875268 864381581 4275287672 4253320015 2427005459 309278103 1748865866 3564288466
2143736154 3765314199 4141997412 451193743 810029867 631960255 1399164192 2166617748
968681278 2755933166 1910985104 2322357610 2814726407 2580195110 3140658581 4166489502
1946732366 3717013124 3302546690 967194301 3518082644 3880006819 4288178844 1853470158
24818228 1619525155 4246319569 2292789151 2256247938 3000546497 2512754026 2150496900
3522778970 2259628234 3640975380 1171313421 3983122893 4011483729 2905587191 1746644258
3853838336 3976960529 501986967 3355980204 3409633701 1146299240 867007251 4262351127
730331042 4208401707 1929718932 976049838 605259062 2365917269 1370317448 3587744518
1469590910 1712552207 439785057 12535060 1003290565 2645755651 3788924138 2652273629
3130433920 2068044115 1031560795 1052366895 1754494539 4275040161 1878960426 3712651975
1626893092 3862849221 738367448 310473539 3863486638 61136405 3733787708 2897337058
1474239324 1452567310 3155870710 1950906452 3216762949 3103914774 1968408741 2097428675
76295589 1016427805 449192626 3564727248 286453929 4281993245 2170965710 2240937109
3340931319 1520553667 1361759609 1613442391 2196362303 3207647085 3950976904 3840627698
1229534150 30511730 792935493 3814038711 417880673 992400132 4221048156 3375378867
3434371153 3919306808 2342384787 10889045 2706885074 1971443618 774039789 2077962823
4059947610 2427478822 3631600794 4156437310 1939640871 2913125395 328022934 2105132762
1037567611 3238599632 3781835607 1054295794 1280277485 3076196241 3820761187 1619531754
2513659537 336393236 1503831751 2162142258 3453756249 577683598 759856414 1610787147
4094908947 2462705319 566085864 2164304334 392529592 3148667105 1129394903 1216362642
3102555502 3912854516 4248481294 3375745455 1020101148 3550723204 1559247301 346329990
1165493917 152784018 1962588939 1587506448 3855684731 3606604258 2914112747 1282733374
1092964517 1266281968 2386041415 2259237419 2736948148 2191818540 1282833035 2177165559
4165516308 39395859 1814322198 322994152 4151675107 1287812946 2216267360 299782313
3912242225 798499885 1709460980 454264421 1981740975 2725301083 2717389345 2273658369
3090128501 3197880724 4117883572 1089835152 2998780198 2571042871 2214565684 1665629068
4251003128 3737276095 2090454152 2122631994 1489125015 2900854387 2815575148 1088863155
1637899287 3562881143 3787340430 2543574053 254563369 1221482320 4229690588 2163286005
1982889430 4238722038 3030508838 676434848 2826967110 2389907885 4130115666 1962591629
468102798 448158119 3150715066 59799832 4127596931 3580239409 722474319 500729942
24586633 2787916130 1425086114 467335817 2612707117 1154934800 1094776573 4121379485
3742169576 227344832 3858183681 2457350579 1755652380 3447666121 831283452 2147159027
2575093927 3468092958 3890334892 961712394 3155893353 1778562824 1470324258 2109196612
2565563742 2523642111 3154474679 93420663 1386252973 353193138 707386213 2832850274
3817355484 2037839846 1832590588 4177616132 2937418582 3916757795 2825928178 4049802329
2395048332 2578823392 3027085948 3825816298 1358552494 888088101 1326443611 3185559553
4135177869 330532060 2690533703 1820550566 675580600 4121105332 2601851537 1420746994
91599263 1138041884 286946655 3376128095 637748861 99368263 486627250 941106057
430455279 1631043790 3562996558 2452535467 3120748184 3661763872 2725406148 4142687516
2298752978 314476013 255735481 1567725609 775752672 2405468676 3480804569 552250403
707822711 1613489845 478145630 3448638827 3340160160 2066980685 3884205857 1457620748
2237219515 448410756 2380898887 1292144207 1297385367 3220870844 2951014544 400680220
3406321300 1569379783 3633579594 1399309772 3709127831 3587220664 3480769992 670548725
1524083499 109500633 1871372673 4102513306 485372435 4022594903 4168779845 1263225305
3414631075 3762658902 580533296 226906678 4152215471 449346832 1549460707 3965457952
3241955853 2876002923 2230041394 1850762493 846173035 3236669416 4102494567 505041370
528983181 4167952836 3171914141 4226690369 433831741 71633773 3667288257 4215137713
2151613546 1846161115 583912721 1679844153 1975548269 49723135 4189869035 1596070006
1380384122 3410212635 4197041727 3225967317 763912001 2528923700 2405817467 2892519021
4052324178 1281200684 2243401156 3580173531 1626856476 797168422 3338227742 3170513743
3612625251 391118451 2044243806 605138832 958936011 969730818 2324422007 3055817869
3266448407 313907496 1601909519 3833679221 1293435238 2598324042 306712723 2643617271
3605070908 4061588049 2076503196 2394869632 1478949110 3268590056 3922600888 3872897648
3145893865 2610829241 3470410683 2061120432 3124973281 2860690596 4162725297 1575003010
3832895036 136129597 1265778328 1307130188 2688705237 2891515326 628064842 2148145139
890851871 1520639103 231081976 1867312166 3468911638 724453796 4206256072 436011471
3411664580 2070314537 2638033210 2474569145 455996427 28662121 3514696772 4235412682
2923283373 3142201538 2158624682 2302851928 3114347455 3183478973 494386108 2299987281
3298960604 125597806 425041902 1276880834 211869717 4202742889 2414166936 297398616
921851574 1050957876 1225445079 3624267419 2018444681 4195575407 4083819662 3210723081
1754440103 2708092040 1465652133 1450504365 3350421323 2109147455 3297570196 115010804
824420895 1128746456 290373012 3960583129 744585469 3399874452 1688904671 3237782804
1610297099 881632108 267210773 1830138268 1540427878 1902733106 2630702406 3168771310
2701286412 3082718846 3125220879 2703210515 3670610087 1390882036 1528291921 3203965407
2298383933 2705556940 261010916 1008780359 4286374520 2102975822 1079368878 3785244278
2556763475 1304153647 4125267150 730190401 3458985804 2066556749 465207656 736203869
3683682108 2460476589 1349938332 2806094081 4049800816 4037103597 745681221 3782530712
2288142331 3887113122 476964921 339083968 3370881468 2853577297 162054045 3178524089
2484251971 904544672 4223059772 1294958869 2398862526 2590662005 1634206968 1562308697
1852462801 3507628998 3055135271 2932210772 4152455733 2403498563 2096607709 2620216077
3953072183 2046157905 3497040645 1823795335 2246540032 3690118121 3394921156 1498004172
2501240263 40254167 2472572939 3074680573 2232148187 3522630316 862476984 4196288184
4261234521 3218025693 3255083205 2377399895 2438502391 308399992 1519907768 1769286731
3716077528 1892298087 2719461962 142566892 3520407204 2479531661 2874987333 2864939649
3736962346 2121180858 2352679419 958853698 4094614977 3113247753 4070838055 2316594331
1184585868 1980482255 1366606028 703110115 79371878 837064965 809860413 2589536623
3114905862 433318475 2821874645 3790197266 3524829528 174399635 1548278832 3128294432
2748956780 1014164167 2337100013 470731760 1624742732 3791991561 4091410401 2192905202
1660892960 2703200750 1576811668 2031777026 1867521378 3871091529 1976047768 1755657536
3360067427 229387955 2138396496 1453321939 4192181865 1854523808 1558432050 1729215782
3542284603 1566822405 801577130 3211523064 831348848 3504583370 3890141328 1015034279
1994566772 1207114984 1724327667 2847592232 902780946 3180266648 3296771373 1888701200
1065214258 2686606181 3456894269 4022710471 461975004 2910528274 266152177 205084395
3662130634 3224065597 1116984227 533048270 2088506063 1736321316 507269455 2248125730
2643576840 2797451259 1104087958 3505273013 208432062 3298283080 282339728 2399612816
1222620315 3473727668 855009458 946428914 4180352539 723751434 329823633 3380820222
499550802 3989583825 3768417582 1156150094 3199628850 899474444 1514086081 3977379352
2225184105 3748519382 793869540 755273219 3292140145 3446896137 2718032360 3454412238
334065596 1034372511 4100630270 3235647945 2768758961 2878515908 2780612083 3059601784
1426245161 3380433926 4136557997 4101198488 134689323 2372982209 878891567 1529878973
